SCALE_FACTOR
3543.30709
TIME
1.0
TYPE
0
INDEXES
4
10
VECTORS
-1028.23,-4013.8927
-1468.2716,-4071.7454
-1829.995,-4093.3904
-2174.0035,-4079.9309
-2560.9007,-4032.4705
-2181.348,-4198.33
-1677.043,-4317.471
-1092.0126,-4390.716
-470.28402,-4418.8875
120.85299,-4415.1139
654.01071,-4374.7654
1038.4388,-4271.0203
1183.3871,-4077.057
1089.1707,-3884.3129
868.28206,-3783.5287
598.23706,-3746.8377
356.55152,-3746.3732
40.598285,-3785.0479
-308.57937,-3859.6607
-671.38695,-3944.5096
-1028.23,-4013.8927
-1028.23,-4013.8927
INDEXES
0
14
VECTORS
-2111.5905,-631.21073
-1900.2362,-893.96953
-1634.1796,-1117.3729
-1321.9609,-1295.0039
-972.11977,-1420.4453
-593.19631,-1487.2802
-193.73042,-1489.0916
217.73808,-1419.4624
632.6691,-1271.9754
179.83241,-1366.1361
-232.28759,-1402.243
-608.363,-1384.4292
-953.06576,-1316.828
-1271.0679,-1203.5723
-1567.0414,-1048.7955
-1845.6583,-856.6306
-2111.5905,-631.21073
-2111.5905,-631.21073
TERMINATE