hand
0.2
0.35
0.2
0.2
0.2
0.35
-0.1
0.1
r
r
1
forearm
0.22
-0.14
0.3
0.9
0.25
-0.35
-0.65
0.0
r
r
2
bicep
0.25
-0.65
0.4
0.7
0.25
-1.25
-1.2
0.2
r
r
8
sole
0
0.95
0.56
0.15
0
0.95
-0.03
0.03
r
p
4
foot
0
0.85
0.5
0.19
0
0.82
-0.05
0.1
r
r
5
shin
0
0.52
0.35
0.55
0.05
0.4
-0.1
0.4
r
r
6
thigh
0.05
0.1
0.45
0.65
0.05
-0.5
-0.4
0.2
r
r
8
helmet
0.1
-1.1
0.45
0.45
0.1
-1.1
0
0.7
c
r
8
torso
0.1
-0.6
0.7
1.2
0
0
0
0
0
0
8
sole
0
0.95
0.56
0.15
0
0.95
-0.05
0.03
r
p
10
foot
0
0.85
0.5
0.19
0
0.82
-0.05
0.1
r
r
11
shin
0
0.52
0.35
0.55
0.05
0.4
-0.1
0.4
r
r
12
thigh
0.05
0.1
0.45
0.65
0.05
-0.5
-0.4
0.2
r
r
8
hip
0.05
-0.15
0.45
0.28
0.05
-0.15
-0.2
0.1
c
r
8
hand
0.2
0.35
0.2
0.2
0.2
0.35
-0.1
0.1
r
r
15
forearm
0.22
-0.14
0.3
0.9
0.25
-0.35
-0.65
0.0
r
r
16
bicep
0.25
-0.65
0.4
0.7
0.25
-1.25
-1.2
0.2
r
r
8
shoulder
0.25
-0.86
0.38
0.4
0.25
-0.86
-0.2
0.1
r
r
8