hand
0.0335
0.6945
0.159
0.225
0.056
0.64
-0.1
0.1
r
r
1
forearm
0.061
0.3745
0.226
0.569
0.0515
0.1775
-0.65
0.0
r
r
2
bicep
0.0885
-0.0785
0.265
0.431
0.08
-0.17
-1.2
0.2
r
r
8
sole
-0.122
1.3575
0.582
0.121
-0.122
1.3575
-0.03
0.03
r
p
4
foot
-0.1205
1.2435
0.517
0.267
-0.1055
1.2115
-0.05
0.1
r
r
5
shin
-0.126
0.975
0.288
0.398
-0.1255
0.9165
-0.1
0.4
r
r
6
thigh
-0.092
0.598
0.392
0.642
-0.09
0.45
-0.4
0.2
r
r
8
helmet
0.0505
-0.4025
0.355
0.355
0.05
-0.403
0
0.7
c
r
8
torso
0
0
0.641
0.966
0
0
0
0
0
0
8
sole
-0.122
1.3575
0.582
0.121
-0.122
1.3575
-0.03
0.03
r
p
10
foot
-0.1205
1.2435
0.517
0.267
-0.1055
1.2115
-0.05
0.1
r
r
11
shin
-0.126
0.975
0.288
0.398
-0.1255
0.9165
-0.1
0.4
r
r
12
thigh
-0.092
0.598
0.392
0.642
-0.09
0.45
-0.4
0.2
r
r
8
hip
-0.076
0.357
0.398
0.216
-0.087
0.444
-0.2
0.1
c
r
8
hand
0.0335
0.6945
0.159
0.225
0.056
0.64
-0.1
0.1
r
r
15
forearm
0.061
0.3745
0.226
0.569
0.0515
0.1775
-0.65
0.0
r
r
16
bicep
0.0885
-0.0785
0.265
0.431
0.08
-0.17
-1.2
0.2
r
r
8
shoulder
0.1105
-0.2005
0.255
0.253
0.0775
-0.1675
-0.2
0.1
r
r
8