Arm
248
195
2 Bicep
078
078
065
280
110.0
-25.0
1 Forearm
065
055
065
350
70.0
0.0
0 Hand
063
036
000
000
25.0
-10.0
End

Leg
145
577
3 Thigh
125
106
115
400
90.0
-30.0
2 Shin
090
088
100
270
15.0
-60.0
1 Foot
170
069
162
154
15.0
-10.0
0 Sole
191
031
000
000
10.0
-10.0
End

Helmet
230
048
0 Helmet
110
110
000
000
0.0
-120.0
End

Main
End

Belt
137
370
0 Belt
92
68
0
0
0.0
0.0
End

Leg
145
577
3 Thigh
125
106
115
400
90.0
-30.0
2 Shin
090
088
100
270
15.0
-60.0
1 Foot
170
069
162
154
15.0
-10.0
0 Sole
191
031
000
000
10.0
-10.0
End

Hip
145
577
0 Hip
117
121
000
000
25.0
0.0
End

Arm
248
195
2 Bicep
078
078
065
280
110.0
-25.0
1 Forearm
065
055
065
350
70.0
0.0
0 Hand
063
036
000
000
25.0
-10.0
End

Shoulder
248
195
0 Shoulder
056
100
000
000
60.0
0.0
End